40.000561 40.000368 40.000151 39.999651 39.999269
73.959248 48.633835 33.085636 24.181793 20.139488
93.328779 50.468691 27.892158 16.520886 11.789487
106.45281 50.073165 23.875559 12.066802 7.5316628
116.17815 48.819686 20.695893 9.202607 5.1036592
123.7871 47.235552 18.130493 7.2361601 3.6106966
129.96534 45.543889 16.025719 5.8237931 2.6412634
135.10886 43.854205 14.277107 4.7748655 1.9849613
139.48011 42.216775 12.804757 3.9731146 1.5252422
143.25218 40.652191 11.556464 3.3462983 1.1928629
146.54371 39.173305 10.482924 2.8504437 0.94961276
149.45795 37.76857 9.5566626 2.4520683 0.76475093
152.04789 36.454545 8.7525409 2.1219406 0.62308636
154.37314 35.216564 8.0421275 1.853864 0.5143072
156.46921 34.056823 7.4162966 1.6284526 0.4292139
158.37464 32.959828 6.8646427 1.4405289 0.36036072
160.11777 31.927532 6.3716856 1.2790495 0.3039636
161.71288 30.960739 5.9270627 1.1404086 0.25891195
163.18123 30.040189 5.5339781 1.0225272 0.22208092
164.53621 29.176303 5.1763809 0.91947606 0.19162507
165.79245 28.357205 4.8508438 0.83284401 0.16665964
166.95701 27.584566 4.5589882 0.75453935 0.14489673
168.04925 26.84834 4.2883623 0.68685086 0.12719433
169.06624 26.151559 4.0431577 0.62764922 0.11139388
170.02061 25.486922 3.8202016 0.57315569 0.099110776
170.91573 24.856092 3.6139778 0.52656951 0.087627352
171.76023 24.253478 3.4249314 0.48363566 0.077727212
172.55797 23.67676 3.2488846 0.4466117 0.069774485
173.29933 23.137597 3.0881801 0.41237076 0.062526369
173.65005 22.926204 2.9791837 0.3877029 0.056857217
173.64284 23.021662 2.913928 0.36869152 0.052873118
173.67661 23.074771 2.8483116 0.35164459 0.048667894
173.67711 23.154617 2.7873222 0.33581524 0.045136733
173.6334 23.270673 2.7322291 0.32152482 0.042169929
173.64247 23.333973 2.6770476 0.30743634 0.039068436
173.66387 23.31303 2.7037176 0.36806032 -0.048677394
173.67047 23.443587 2.570075 0.28194318 0.033927744
173.68965 23.489061 2.5189382 0.27034066 0.03200713
173.659 23.577116 2.47403 0.25981556 0.03003939
173.65042 23.641817 2.4296492 0.2500681 0.028046171
173.64114 23.705607 2.3862819 0.24036378 0.026610214
173.65432 23.749378 2.3405885 0.23069459 0.025015444
173.64294 23.808315 2.3022725 0.22285963 0.02361379
173.59619 23.900443 2.2659719 0.21509136 0.022305754
