50.000701 50.00046 50.000189 49.999564 49.999086
92.449061 60.792294 41.357045 30.227241 25.17436
116.66097 63.085864 34.865198 20.651107 14.736858
133.06601 62.591456 29.844449 15.083503 9.4145785
145.22269 61.024608 25.869866 11.503259 6.379574
154.73387 59.04444 22.663116 9.0452001 4.5133707
162.45667 56.929861 20.032149 7.2797414 3.3015792
168.88608 54.817756 17.846384 5.9685819 2.4812016
174.35014 52.770969 16.005946 4.9663933 1.9065527
179.06523 50.815239 14.44558 4.1828729 1.4910786
183.17964 48.966631 13.103655 3.5630547 1.187016
186.82244 47.210712 11.945828 3.0650854 0.95593866
190.05986 45.568181 10.940676 2.6524257 0.77885795
192.96642 44.020705 10.052659 2.31733 0.642884
195.58652 42.571029 9.2703708 2.0355657 0.53651737
197.9683 41.199785 8.5808034 1.8006612 0.4504509
200.14721 39.909415 7.964607 1.5988119 0.3799545
202.1411 38.700923 7.4088284 1.4255107 0.32363994
203.97653 37.550236 6.9174726 1.278159 0.27760116
205.67027 36.470379 6.4704761 1.1493451 0.23953134
207.24056 35.446506 6.0635548 1.041055 0.20832456
208.69626 34.480707 5.6987352 0.94317418 0.18112092
210.06157 33.560425 5.3604529 0.85856358 0.15899292
211.3328 32.689449 5.0539472 0.78456152 0.13924235
212.52576 31.858652 4.775252 0.71644462 0.12388847
213.64467 31.070114 4.5174723 0.65821189 0.10953419
214.70028 30.316848 4.2811642 0.60454458 0.097159014
215.69746 29.59595 4.0611058 0.55826462 0.087218106
216.62416 28.921996 3.8602252 0.51546345 0.078157961
217.06257 28.657755 3.7239796 0.48462862 0.071071522
217.05356 28.777078 3.64241 0.4608644 0.066091397
217.09576 28.843464 3.5603895 0.43955574 0.060834868
217.09639 28.943271 3.4841527 0.41976905 0.056420916
217.04175 29.088341 3.4152864 0.40190602 0.052712411
217.05309 29.167466 3.3463095 0.38429542 0.048835545
217.07984 29.141287 3.379647 0.4600754 -0.060846743
217.08808 29.304483 3.2125938 0.35242898 0.04240968
217.11207 29.361327 3.1486727 0.33792582 0.040008913
217.07375 29.471394 3.0925376 0.32476945 0.037549238
217.06302 29.552272 3.0370615 0.31258512 0.035057713
217.05142 29.632008 2.9828524 0.30045473 0.033262768
217.0679 29.686722 2.9257356 0.28836824 0.031269305
217.05367 29.760394 2.8778407 0.27857454 0.029517237
216.99524 29.875554 2.8324648 0.2688642 0.027882193
