39.999952 40 40.000031 40.000012 40.000005
72.072804 48.326628 33.543116 24.986835 21.070618
90.914019 50.403011 28.593263 17.404663 12.685045
103.85272 50.277679 24.701169 12.893886 8.2745424
113.51825 49.263818 21.581302 9.9401201 5.6965079
121.12676 47.866567 19.033729 7.8886942 4.0842502
127.33132 46.325269 16.923921 6.3987484 3.0207403
132.52008 44.751548 15.155004 5.2815552 2.2918143
136.94271 43.206063 13.655601 4.4212347 1.7743949
140.77001 41.712438 12.373199 3.7458787 1.398472
144.12365 40.284875 11.266613 3.2060903 1.1187691
147.09104 38.928736 10.304702 2.7685437 0.90697436
149.73977 37.644667 9.462682 2.4091999 0.74368433
152.11978 36.431058 8.7218161 2.1112417 0.6161023
154.27305 35.284182 8.065948 1.8616388 0.51518074
156.23157 34.200698 7.4823929 1.6508387 0.43450354
158.0228 33.177368 6.9601983 1.4708132 0.36881654
159.66618 32.209788 6.4918459 1.3167073 0.31548182
161.1819 31.293592 6.0692674 1.1837171 0.27152407
162.58305 30.425534 5.6878045 1.0685032 0.23510406
163.88362 29.602566 5.3413168 0.96793661 0.20456038
165.09302 28.821351 5.025887 0.88019291 0.17954838
166.22411 28.079455 4.7376497 0.80189775 0.15689056
167.28139 27.372946 4.4740018 0.73329617 0.13836453
168.27236 26.701219 4.2315778 0.6722786 0.12256893
169.20385 26.060988 4.0084043 0.61780293 0.10895145
170.0813 25.449349 3.8029155 0.56927969 0.097152445
170.9084 24.866113 3.6128295 0.52571572 0.086944808
171.69009 24.30889 3.4364546 0.48651088 0.078055009
172.43095 23.774726 3.2729719 0.45104815 0.07030669
173.13196 23.262543 3.123385 0.41912246 0.06298462
173.79914 22.77373 2.9795575 0.39014928 0.057420832
174.43288 22.303789 2.8475219 0.36370801 0.052100162
175.036 21.852901 2.7240199 0.33969695 0.047382317
175.61103 21.419583 2.6084807 0.3177006 0.043202589
176.1586 21.004268 2.500141 0.29753505 0.039457842
176.68392 20.60232 2.398438 0.27920257 0.036117168
177.18538 20.215082 2.3039398 0.26249564 0.033103018
177.6656 19.844373 2.2128891 0.24669968 0.030436816
178.12467 19.486723 2.1285347 0.23226095 0.027816627
178.56159 19.144494 2.0506022 0.21802089 0.025294453
178.99046 18.806248 1.9726219 0.20681831 0.02384947
179.39661 18.484407 1.9018535 0.19501938 0.022110569
179.78887 18.172188 1.833597 0.18488857 0.020459561
