0.013247842 0.0473759 0.0044688442 0.026794484
0.00073234935 0.031409781 0.011853062 0.0043891062
0.0091840689 0.026975458 0.0099520391 0.00044936135
0.01061659 0.00084230727 0.032127921 0.0078665329
0.015649969 0.011233849 0.003335362 0.0088600613
0.021907561 0.00079986913 0.011522693 0.020871553
0.0039253301 0.0063029817 0.0003906953 0.011405979
0.0095556505 0.0022416425 0.004929128 0.002865139
0.028789002 4.2064744e-05 0.0023306308 0.0014154941
0.0065373594 0.0090424425 0.0058267561 0.020920485
0.0040730905 0.015115172 0.0061834761 0.014665507
0.0043507677 0.0031848533 0.007158146 0.010929502
0.013064667 0.0062989303 0.014679384 0.00081468886
0.016182337 0.0011849309 0.028586824 0.0016373662
0.011691614 0.0041526787 0.033176488 0.014309506
0.032576266 0.029301292 0.024784262 0.0038495189
0.0063553855 0.013818569 0.024953575 0.0012504962
0.0033953418 0.0016784353 0.010098738 0.0068294743
0.022425408 0.0049850386 0.001718884 0.0023126136
0.003555045 0.021221735 0.015026791 0.003672996
0.0059875093 0.0034484138 0.024994029 0.029476375
0.0037994888 0.0098651568 0.014449835 0.010266436
0.012106601 0.025713018 0.00081129806 0.037645276
0.031688778 0.033102036 0.02274397 0.022011145
0.014642778 0.0078519123 0.0063293881 0.0010717104
0.037823558 0.037003478 0.0030260792 0.015435326
0.01123286 0.013733915 0.0071663476 0.029475876
0.03235468 0.02717726 0.039351484 0.012524661
0.029364699 0.015421561 0.015983765 0.0042872651
0.048971298 0.0049945562 0.024934221 0.019074332
0.048466808 0.003488007 0.046016092 0.011825732
0.047674307 0.0092787868 0.0039265589 0.021675411
0.047593445 0.018707027 0.042404255 0.011498179
0.04441526 0.011973197 0.0051740131 0.03626741
0.049792863 0.0039262886 0.0057241504 0.011656916
0.046608682 0.034471633 0.020965176 0.03180758
0.048901865 0.012493465 0.019458915 0.010679482
0.048741552 0.014837293 0.0090637503 0.010662224
0.04710999 0.014158491 0.0055325644 0.031903416
0.049074521 0.031639368 0.023964165 0.029112033
0.048982222 0.0085503605 0.027487327 0.015716214
0.04798416 0.035531098 0.027120615 0.037346355
0.047230254 0.0097356222 0.018372649 0.038823911
0.047360367 0.0084278001 0.0066154343 0.034414981
