0.006563271 0.0038534956 0.0033862692 0.00053120053
0.0025295916 0.015498937 0.00028295457 0.0014699774
8.6383401e-05 0.0052771236 0.024630473 0.0059971408
0.022958372 0.0062219352 0.0035348419 0.014010976
0.0028157422 0.014899951 0.0242012 0.0048044743
0.017463746 0.00031877917 0.013579956 0.00084548554
0.035496733 0.0074835588 0.040495213 0.039227483
0.016410833 0.0012641858 0.0050239875 0.013375023
0.025287647 0.015501643 0.0061196909 0.001314708
0.044542624 0.00091121677 0.00091446135 0.0093396145
0.035706238 0.027328979 0.0077231332 0.0026472701
0.01925138 0.0012153941 0.020556738 0.00094299395
0.0036106544 0.014286374 0.0098090344 0.014473476
0.029322196 0.0071159844 0.0028280359 0.0027644014
0.013655941 0.012634362 0.00048159885 0.011075962
0.037361355 0.0090519136 0.013284243 0.0050919304
0.030239222 0.01667004 0.010120502 0.0017872796
0.00061908011 0.0051992476 0.014251546 0.012323943
0.028625029 0.018551924 0.0061444518 0.009367369
0.0049782669 0.035584239 0.02294842 0.020778844
0.033088357 0.011372868 0.0091722338 0.00088005274
0.0024596808 0.019511874 0.0043881972 0.00037032475
0.0075921127 0.0012964879 0.011822189 0.0081539948
0.0062186908 0.023066483 0.0055992652 0.0045238062
0.037232542 0.028445225 0.0029152078 0.0061169736
0.0033239227 0.0070682279 0.01683907 0.0045432368
0.021526266 0.010343413 0.012697541 0.015591261
0.0061687246 0.037395463 0.018202376 0.024212686
0.036735345 0.0087971161 0.0067618063 0.018944877
0.044935831 0.040924851 0.029223432 0.023920893
0.044383998 0.0091466358 0.01659303 0.010020672
0.04701403 0.024838629 0.007045567 0.010799248
0.047054023 0.010250568 0.012239706 0.030791666
0.043671399 0.012497894 0.0085317093 0.0084668504
0.044356514 0.016738494 0.016532603 0.02307737
0.046007197 0.03675582 0.025121114 0.0060254379
0.04652651 0.029021945 0.014118654 0.0095663797
0.048063915 0.016997263 0.014880109 0.01462445
0.045627085 0.014741389 0.016853275 0.036403261
0.044963736 0.01051583 0.033320977 0.021823978
0.044255054 0.022042453 0.0063840772 0.031874827
0.045264523 0.042878095 0.0046470018 0.012023816
0.044391609 0.020137923 0.010406334 0.021195515
0.040950675 0.018920238 0.020493548 0.037350625
