40.00001 40.000008 40.000003 40.000012 39.999967
72.074043 48.326827 33.543631 24.986554 21.068947
90.914769 50.403321 28.592643 17.403944 12.685323
103.85198 50.281 24.701871 12.892878 8.2722709
113.51804 49.263184 21.580431 9.940754 5.697593
121.12656 47.864826 19.03355 7.8882812 4.0867809
127.33059 46.326238 16.92541 6.39864 3.0191178
132.51921 44.752617 15.155925 5.2780484 2.294199
136.94249 43.204741 13.658191 4.4173863 1.777192
140.76967 41.710822 12.373355 3.7447641 1.4013864
144.12312 40.28427 11.267372 3.2050978 1.1201415
147.09042 38.925231 10.305925 2.7683329 0.9100947
149.73861 37.643954 9.4625845 2.4096144 0.74523333
152.1192 36.429525 8.7239845 2.1094952 0.61779381
154.27212 35.283059 8.0674925 1.8623332 0.51499796
156.23192 34.197828 7.4827496 1.6562817 0.4312221
158.0221 33.176852 6.9594222 1.4738686 0.36775632
159.66615 32.208749 6.4905793 1.3196411 0.31487728
161.18133 31.29322 6.0689104 1.1857559 0.27078821
162.5804 30.427439 5.6864599 1.0717746 0.23392457
163.87993 29.606441 5.3433497 0.96645136 0.20383224
165.09099 28.825725 5.0240738 0.88219381 0.1770215
166.22072 28.080239 4.7395695 0.8013662 0.1581066
167.27878 27.372022 4.4810683 0.72905878 0.13906758
168.2698 26.705185 4.2301614 0.67230672 0.12254556
169.20232 26.061346 4.0105669 0.61706688 0.10870201
170.07604 25.455831 3.8015909 0.57071614 0.095822973
170.90799 24.865982 3.613048 0.5264916 0.086492533
171.69064 24.308577 3.4351521 0.48760199 0.078028941
172.11641 24.045928 3.3100225 0.45675294 0.070889028
172.15712 24.107465 3.2350463 0.43450377 0.065866557
172.19141 24.170296 3.1630846 0.41458953 0.060621114
172.2318 24.22314 3.0930072 0.39556942 0.05648572
172.2313 24.306802 3.0313917 0.37792516 0.052577465
172.33294 24.297385 2.96027 0.3602422 0.049160592
172.32968 24.376436 2.9024263 0.34557836 0.04588068
172.3895 24.395894 2.8408936 0.33094128 0.042766978
172.41848 24.439444 2.7846938 0.31736831 0.040015809
172.42856 24.496801 2.7320603 0.30490643 0.037674949
172.47927 24.514499 2.6782714 0.29274253 0.035214298
172.50475 24.552515 2.6282627 0.2812841 0.033188382
172.51817 24.598563 2.5812483 0.27075593 0.031264526
172.53319 24.640788 2.5357856 0.26072628 0.02950767
172.55764 24.672241 2.4908694 0.25130652 0.027946056
