50.00002 50.000018 50.000007 50.000008 49.999946
94.045905 61.048161 40.965925 29.55103 24.388978
118.6951 63.126874 34.26846 19.91605 13.993519
135.24333 62.392475 29.145421 14.405562 8.81321
147.4397 60.628069 25.127534 10.90076 5.9039348
156.94633 58.486959 21.910432 8.5161288 4.1401532
164.6386 56.254879 19.290244 6.8161265 3.0001455
171.03061 54.047023 17.122775 5.5560863 2.2435101
176.44954 51.925086 15.310236 4.6028697 1.7122718
181.11519 49.912517 13.772533 3.8665438 1.3332171
185.18531 48.017506 12.462143 3.2813259 1.0537187
188.77245 46.234022 11.333695 2.8126685 0.84716195
191.96198 44.567923 10.351709 2.4307051 0.68768768
194.81974 43.003001 9.4970439 2.1155566 0.564662
197.39618 41.536622 8.7445291 1.8549918 0.46767233
199.73493 40.159201 8.0780428 1.6353428 0.39248388
201.86509 38.868965 7.4851243 1.4494904 0.33133376
203.81675 37.653137 6.9554982 1.2943163 0.2803003
205.61114 36.509213 6.4824876 1.1574219 0.23973282
207.26453 35.43207 6.0561465 1.0407957 0.20645482
208.79702 34.416574 5.6708848 0.93689931 0.17862332
210.2224 33.452755 5.3209472 0.84817428 0.15571971
211.54848 32.537962 5.0048434 0.77167051 0.13704829
212.79061 31.670346 4.7185045 0.70054726 0.11999492
213.95096 30.854678 4.4462459 0.64251998 0.10559248
215.04093 30.071848 4.2052983 0.58873072 0.093194437
216.06163 29.334906 3.9791081 0.54274643 0.081608078
217.03045 28.622637 3.7743988 0.49894188 0.073576173
217.94142 27.949555 3.5821348 0.46038116 0.066508263
218.39192 27.665398 3.4509557 0.43152949 0.060195507
218.34703 27.807031 3.3788912 0.41111148 0.055935701
218.2998 27.946434 3.3096583 0.3925045 0.051604328
218.26567 28.069901 3.2412673 0.37520826 0.04794921
218.18285 28.231528 3.1820284 0.35890036 0.044692527
218.24031 28.265126 3.1104414 0.3425002 0.041623453
218.16261 28.415536 3.0542751 0.32850309 0.039070836
218.17329 28.482909 2.992579 0.314821 0.036397251
218.14625 28.580905 2.9366 0.3022281 0.034015926
218.09692 28.696054 2.8845718 0.29036437 0.0320912
218.10618 28.754673 2.8301926 0.27896648 0.02998984
218.08361 28.840008 2.7799761 0.26812236 0.02828891
218.04787 28.934348 2.7328621 0.2582747 0.02664027
218.01671 29.022192 2.6870702 0.24888078 0.025149557
218.00057 29.093994 2.6416963 0.2399276 0.023812907
