49.999929 50.000002 50.000049 50.00002 50.000001
94.044614 61.048302 40.965723 29.551928 24.389433
118.69418 63.126655 34.269588 19.91714 13.992434
135.24471 62.388741 29.14544 14.408356 8.812752
147.43993 60.628847 25.128667 10.900463 5.9020936
156.94661 58.489086 21.910671 8.5165898 4.1370479
164.63956 56.253745 19.288696 6.8160785 3.0019201
171.03171 54.045743 17.121469 5.5605824 2.2404973
176.44982 51.926558 15.307008 4.6067046 1.7099058
181.11555 49.91444 13.772452 3.8669103 1.3306436
185.18594 48.01819 12.461404 3.2819852 1.0524851
188.7731 46.237757 11.332009 2.8125322 0.84459973
191.96338 44.568657 10.351353 2.4304451 0.68616861
194.82037 43.00467 9.4950819 2.1162143 0.56366474
197.39719 41.537951 8.7421377 1.854996 0.46772422
199.73412 40.161725 8.0764471 1.6359559 0.39174806
201.86595 38.86944 7.4841845 1.4501232 0.33029848
203.81679 37.65445 6.955891 1.2919945 0.28087383
205.61189 36.509769 6.481569 1.1563927 0.24038412
207.26768 35.430313 6.055412 1.0394577 0.20713692
208.8014 34.411236 5.6700557 0.93793872 0.17936942
210.22485 33.447741 5.3205204 0.849751 0.15713689
211.55363 32.535873 5.0026934 0.77154263 0.13626434
212.79353 31.670623 4.712998 0.70313979 0.11971123
213.95377 30.850512 4.4474002 0.64271534 0.10560445
215.04269 30.0712 4.2036261 0.5889428 0.093540335
216.06691 29.328817 3.9800227 0.54113119 0.083118679
217.03093 28.622789 3.7737431 0.49839734 0.074139876
217.94082 27.949896 3.5828763 0.46005698 0.066355857
218.80205 27.306454 3.4064309 0.42543735 0.059628899
219.61606 26.691743 3.2443068 0.3943542 0.053534941
220.3897 26.104622 3.0908587 0.3664182 0.048399796
221.12381 25.542174 2.949331 0.34088432 0.043804728
221.82169 25.003529 2.817301 0.31773737 0.039738102
222.48639 24.486848 2.6940405 0.29655963 0.036166318
223.11868 23.992495 2.5786586 0.2771892 0.032979443
223.72474 23.514902 2.4705623 0.25970254 0.030096635
224.30272 23.055668 2.3703723 0.24364027 0.027597145
224.85571 22.616414 2.2738989 0.2287162 0.025256904
225.3841 22.193293 2.18453 0.21496495 0.023112684
225.88659 21.7893 2.1011869 0.20179059 0.021131831
226.37886 21.390278 2.0202987 0.19087341 0.019687653
226.845 21.011476 1.9453625 0.17992771 0.018235286
227.29496 20.643878 1.8741575 0.17017725 0.016825485
