0.042260052 0.00073649794 0.0036414369 0.013445266
0.02259874 0.0115124 0.018101549 6.5403368e-05
0.019375655 0.0072846459 0.0053403334 0.0006192511
0.0094058934 0.0038313289 0.0007085351 0.0012783584
0.017203644 0.0054548937 0.029920168 0.033127258
0.011035656 0.027679311 0.034687836 0.0046843031
0.027870883 0.025359916 0.019089015 0.018519842
0.0011761528 0.0037673334 0.0028253296 3.7686048e-05
0.029226196 0.0052441851 0.011082506 0.0063362403
0.0097567414 0.00010829477 0.0098488081 0.021271406
0.012575999 0.0043136535 0.033812341 0.025101064
0.032747084 0.0062856137 0.0045610519 0.0096964318
0.016673372 0.010850551 0.0025902563 0.0046361715
0.0073282648 0.0036795496 0.0012739617 0.012895291
0.0085163802 0.0017081733 0.00020582555 0.026011936
0.0085565977 0.0092713167 0.0084321993 0.00032776157
0.012999612 0.0023818222 0.0064578074 0.005866378
0.00466512 0.0051292073 0.0013313175 0.015121333
0.021734212 0.021980499 0.0041418214 0.0014762
0.042601879 0.036804206 0.034664439 0.0085612627
0.042428787 0.014381979 0.0041934497 0.0025621852
0.021011569 0.026613217 0.04097437 0.040106982
0.0028909854 0.0090691356 0.030170646 0.020842633
0.013444508 0.01981806 0.020769284 0.024769084
0.029374152 0.030733528 0.031462722 0.02017448
0.0051116553 0.0077452043 0.0082086622 0.014219689
0.0033470056 0.028172198 0.032129443 0.007019632
0.013748456 0.034588097 0.0035317322 0.00021024943
0.02614817 0.010978934 0.002591071 1.2856878e-05
0.0015849464 0.015661764 0.017218635 0.029157859
0.01320419 0.00017768136 0.0069812408 0.00064723262
0.0031288573 0.011277117 0.037546085 0.023479888
0.014037575 0.005744596 0.0024507667 0.00039238687
0.024675079 0.008046742 0.0016764601 0.004393007
0.014049663 0.005359997 0.016060378 0.00031239594
0.029582468 0.003662057 0.028059601 0.013122815
0.031071236 0.0047417303 0.0031651465 0.0017143004
0.012121064 0.011229347 0.0054997594 0.00064395618
0.027478015 0.00088301545 0.00083880222 0.0035043343
0.029583401 0.024941131 0.00031381091 1.8240385e-05
0.0029868449 0.0028618405 0.0046030898 0.0040217257
0.020645959 0.002099741 0.0062392048 0.00066674673
0.030138451 0.00063087489 0.0085275195 0.0026767461
0.0075924253 0.0021642472 0.009835834 0.0014338497
