50.001963 50.002105 50.000719 49.997916 49.997298
90.158065 60.41374 41.914454 31.204274 26.309466
113.71176 62.993725 35.716738 21.734211 15.843563
129.87966 62.831008 30.854772 16.100744 10.333814
141.95832 61.553762 26.958048 12.415212 7.1146576
151.47067 59.79871 23.774742 9.8530241 5.1028555
159.22126 57.871631 21.13831 7.9928224 3.7759717
165.69832 55.904357 18.927526 6.6012583 2.868542
171.22692 53.972412 17.057056 5.5238724 2.2197392
176.00698 52.103234 15.45973 4.6794116 1.7506485
180.19589 50.318399 14.078837 4.00489 1.4019861
183.89861 48.625844 12.876397 3.4608399 1.1383097
187.20207 47.021085 11.826909 3.0131145 0.93681855
190.17846 45.504888 10.899588 2.6409308 0.77612929
192.87018 44.072497 10.079215 2.3288287 0.64928392
195.31099 42.720478 9.3519823 2.0664287 0.55012125
197.55355 41.442086 8.6973456 1.8413297 0.46568986
199.61036 40.233203 8.1149919 1.6459455 0.39550344
201.50339 39.08979 7.5868962 1.4796254 0.34030228
203.25411 38.004493 7.1129468 1.3338138 0.29463638
204.87656 36.979294 6.6749177 1.2115179 0.25771366
206.39224 35.999627 6.2865491 1.0972537 0.22433353
207.8031 35.07619 5.9235753 1.0004383 0.19669571
209.12252 34.196363 5.5933483 0.91415585 0.1736143
210.36018 33.358221 5.2889594 0.83848866 0.15415258
211.52347 32.556646 5.0098575 0.77303187 0.13699012
212.61487 31.801556 4.7503111 0.71072196 0.12253805
213.65221 31.065105 4.5155494 0.65761398 0.1095253
214.62988 30.364223 4.2988747 0.6085853 0.098436412
215.55459 29.701157 4.0913481 0.56425724 0.088648562
216.43086 29.061168 3.9031822 0.5245115 0.080280455
217.26335 28.45082 3.7249606 0.48853111 0.072335901
218.05568 27.862119 3.561265 0.45529682 0.065639255
218.80805 27.299878 3.4066212 0.42549442 0.05995545
219.52642 26.759471 3.2614781 0.39785062 0.054784779
220.21248 26.239278 3.1254944 0.37304016 0.049712398
220.86755 25.736564 3.0012903 0.34888415 0.045713163
221.49285 25.25687 2.8797956 0.32845484 0.042029345
222.09175 24.794055 2.7670193 0.30839896 0.038773684
222.66759 24.34464 2.6616686 0.2907151 0.035388743
223.21837 23.912605 2.5616238 0.2746016 0.032800557
223.74904 23.494743 2.4676379 0.25836832 0.030210663
224.25676 23.092908 2.3777862 0.24463598 0.027907931
224.74428 22.702916 2.2946388 0.23191843 0.026244454
