0.012822186 0.018381433 0.010700892 0.010544859
0.026737853 0.013064299 0.03095415 0.00034711511
0.043637165 0.009307566 0.00028882234 0.010758066
0.0012427702 0.036901642 0.0017318789 0.018380071
0.006433113 0.014110373 0.0077392073 0.00069926501
0.0038587094 0.0080280787 0.0083707107 0.012046292
0.0016697707 0.020981039 0.0010469456 0.00017680823
0.029371581 0.032464681 0.0088914131 0.016221179
0.0007311244 0.0016301872 0.027468045 0.0010869223
0.016251932 0.0044464679 0.023223033 0.020998499
0.02891801 0.024761438 0.02401805 0.005390017
0.028515661 0.027807897 0.00047705714 0.0077759375
0.014498538 0.0059425045 0.011889017 0.026930084
0.0010140341 0.027372063 0.017990697 0.0077663743
0.018390331 0.0079886201 0.0085236342 0.02034967
0.0074942946 0.025525527 0.017760851 0.0074299671
0.026136587 0.0045653629 0.018798155 0.013035331
0.015856695 0.022678628 0.0046646436 0.0094185388
0.0078687075 0.0058387058 0.0094712351 0.0013476178
0.025604146 0.0029608708 0.0098304399 0.0090156593
0.0023174308 0.0046696229 0.021034795 0.028473341
0.0077286423 0.017067914 0.025947621 0.027049092
0.021330437 0.0059723358 0.022321545 0.034200816
0.015932892 0.015943115 0.017372618 0.011591933
0.014614599 0.016259283 0.017669876 0.0076534101
0.0026555211 0.022830326 0.015159694 0.015387768
0.0049776508 0.02179188 0.021735046 0.030140698
0.0044318824 0.0025069239 0.04037722 0.013403165
0.010395593 0.027190405 0.0034519261 0.0093526546
0.027388078 0.0046896866 0.014991443 0.0039086953
0.028652769 0.008034462 0.0099852154 0.039378694
0.0040849574 0.022856052 0.0078299298 0.0072313862
0.01167364 0.031080625 0.0017836866 0.0062333774
0.039054909 0.0035351967 0.0080017123 0.013326027
0.024378131 0.022685722 0.011883498 0.015762547
0.034630877 0.0028304287 0.019562762 0.010512942
0.024846861 0.012910523 0.013569974 0.01329545
0.034857972 0.0077756856 0.0097539692 0.01255714
0.028846684 0.018343859 0.00503272 0.0081075996
0.015220895 0.0227898 0.019007303 0.034914861
0.016478239 0.030159934 0.013850448 0.035837419
0.01672653 0.037299355 0.0087620044 0.017667627
0.009096196 0.0056233004 0.039946245 0.00068727941
0.03657823 0.0012869845 0.014096109 0.024457403
