49.999977 49.999996 50.000018 50.000099 49.99991
93.632918 60.931652 41.046556 29.748319 24.640554
118.07497 63.011952 34.420465 20.185568 14.307045
134.52312 62.32817 29.351166 14.689412 9.1081278
146.66676 60.623073 25.369598 11.176304 6.1642653
156.14563 58.54069 22.175555 8.7760097 4.3621183
163.82322 56.359008 19.568864 7.0571772 3.1917316
170.20949 54.199282 17.41061 5.7801075 2.4005112
175.62795 52.117454 15.599122 4.8098862 1.8455865
180.29543 50.141376 14.06334 4.0511941 1.4486599
184.37466 48.273142 12.750569 3.4503128 1.1513147
187.96987 46.518201 11.616273 2.9661647 0.92948867
191.16482 44.870657 10.630847 2.571881 0.76179578
194.03077 43.326114 9.7668777 2.246495 0.62974371
196.6255 41.872902 9.0052947 1.9735398 0.52276748
198.97272 40.508742 8.331075 1.7500865 0.43737511
201.11515 39.227274 7.7311005 1.5560118 0.37046286
203.07946 38.020694 7.1953907 1.3868479 0.31760385
204.8855 36.883256 6.7145325 1.2423353 0.27437752
206.55362 35.811076 6.2794218 1.1203231 0.23556189
208.09693 34.79746 5.8878955 1.0128364 0.20487423
209.53406 33.838613 5.5289637 0.91957351 0.17879068
210.87286 32.929385 5.2039301 0.83769453 0.15613173
212.1219 32.068324 4.9070711 0.76584699 0.1368557
213.29407 31.248782 4.6353235 0.70121856 0.12060765
214.39382 30.468664 4.3863661 0.64307849 0.1080734
215.42597 29.730723 4.1558371 0.59182482 0.095649118
216.40233 29.021503 3.9447848 0.54489432 0.086492048
217.32251 28.347605 3.7487232 0.50344514 0.077713573
218.19223 27.706689 3.5645771 0.46754383 0.068964074
219.01674 27.08991 3.3972426 0.4329388 0.063173574
219.79781 26.500561 3.242293 0.40199421 0.057341553
220.54146 25.936569 3.0955556 0.37444605 0.051964387
221.24786 25.397407 2.9566692 0.35172524 0.046334211
221.92061 24.880053 2.8307737 0.32513343 0.043433103
222.56154 24.383097 2.7100564 0.3060605 0.039248106
223.17548 23.902885 2.5976797 0.28933154 0.034619623
223.76193 23.442298 2.4929787 0.26948404 0.03331089
224.3218 23.001178 2.393567 0.25342903 0.030028466
224.85629 22.576395 2.3006081 0.23900346 0.02769929
225.37357 22.162661 2.2133895 0.22521641 0.025165941
225.86669 21.767384 2.1288612 0.21480776 0.022260103
226.34071 21.38568 2.0514939 0.2001679 0.021952073
226.79672 21.015094 1.9791907 0.18881969 0.020178047
