40.000008 40.000005 40.000001 39.999996 39.999991
64.635019 47.092202 35.343345 28.163673 24.765761
81.344031 50.102562 31.360974 20.917694 16.274738
93.525056 51.061022 27.973817 16.183745 11.256359
102.94524 50.970704 25.088925 12.897725 8.0974076
110.5382 50.322489 22.619066 10.510958 6.0092862
116.84373 49.374042 20.494345 8.7161905 4.5716923
122.19581 48.269038 18.65381 7.3310714 3.5502691
126.81803 47.087818 17.049674 6.2388391 2.8056441
130.86133 45.881344 15.6442 5.36267 2.2504583
134.43816 44.677571 14.406062 4.6494742 1.8287289
137.63048 43.494504 13.310101 4.0617936 1.5031231
140.50262 42.342153 12.335031 3.5720996 1.2480996
143.10257 41.227306 11.464198 3.1603057 1.0456159
145.47007 40.152735 10.682989 2.8110518 0.88315056
147.63562 39.120841 9.9801976 2.512567 0.7507791
149.62753 38.129635 9.3444146 2.2556624 0.64276082
151.46732 37.178115 8.7672598 2.0332491 0.55405835
153.16893 36.26825 8.2429093 1.8397729 0.48013685
154.75113 35.395907 7.7642191 1.6704208 0.41831875
156.22556 34.560348 7.3263052 1.5215502 0.36623481
157.60342 33.759973 6.9245894 1.3900705 0.32194707
158.89411 32.992473 6.5553503 1.2735529 0.28451292
160.1061 32.257238 6.2147824 1.1698056 0.25207873
161.24663 31.551049 5.900861 1.0770264 0.22443701
162.32151 30.874707 5.6095484 0.99389086 0.20033891
163.33718 30.225358 5.3395267 0.91865662 0.1792825
164.29784 29.600724 5.0885112 0.85177221 0.16115183
165.20677 28.998077 4.8582609 0.79093601 0.14596076
166.07249 28.421195 4.6386877 0.73617103 0.13145189
166.89405 27.866178 4.434313 0.6862394 0.11922296
167.67526 27.332725 4.2433483 0.64073942 0.10792974
168.42011 26.817006 4.0654886 0.59914139 0.098258805
169.13053 26.320795 3.8979954 0.56106224 0.08962102
169.80969 25.841224 3.7409948 0.5261746 0.081918158
170.45866 25.379044 3.5930907 0.49407662 0.075125908
171.07995 24.932686 3.4537034 0.46454869 0.069111515
171.67624 24.501502 3.3214036 0.43691551 0.063943389
172.24614 24.084246 3.1987597 0.41230197 0.058556117
172.79412 23.680856 3.0818764 0.38912879 0.054022591
173.32057 23.290518 2.9713483 0.36768433 0.049879325
173.82682 22.912611 2.8666356 0.34779084 0.046138572
174.31388 22.546657 2.7673906 0.32932164 0.042751153
174.78327 22.191836 2.6731219 0.31211646 0.039658529
