50.000003 50.000002 50.000001 49.999999 49.999996
93.633003 60.932057 41.047114 29.748396 24.639431
118.07409 63.012862 34.422267 20.18572 14.305065
134.52307 62.328447 29.351235 14.68888 9.108367
146.66685 60.622646 25.36962 11.176445 6.1644378
156.14538 58.541053 22.175339 8.7760724 4.3621522
163.82416 56.357707 19.568976 7.056074 3.1930851
170.21035 54.197945 17.409922 5.7804755 2.4013109
175.63142 52.115651 15.598298 4.8080713 1.8465572
180.30169 50.138091 14.06266 4.0507695 1.4467903
184.37818 48.271572 12.74831 3.4500976 1.1518431
187.97303 46.516591 11.614106 2.966414 0.9298575
191.17236 44.868682 10.627602 2.5715576 0.75979626
194.03996 43.322659 9.7642395 2.2456795 0.62745745
196.62759 41.871503 9.0038034 1.9739477 0.5231603
198.97434 40.50975 8.3308906 1.7454048 0.43961371
201.11683 39.228206 7.7312522 1.5513559 0.37235326
203.08142 38.020621 7.1946112 1.385515 0.31783257
204.88619 36.884592 6.7132444 1.2430128 0.27295682
206.55392 35.811585 6.2789902 1.1196578 0.23584199
208.09895 34.797726 5.8860766 1.0123493 0.20489329
209.53497 33.838448 5.5292615 0.91849113 0.17882877
210.87339 32.929207 5.2044132 0.83602117 0.15696632
212.12364 32.067343 4.9075019 0.76329463 0.13822285
213.29489 31.248009 4.6360059 0.69874717 0.12234568
214.39404 30.469932 4.3860223 0.64138042 0.10862146
215.42828 29.729325 4.1559067 0.58980058 0.096685148
216.40274 29.022725 3.9437716 0.54425358 0.086513916
217.32147 28.34772 3.7496728 0.50309628 0.078041432
218.19298 27.703998 3.566786 0.46628495 0.069948868
219.01765 27.088932 3.3973219 0.43290127 0.063199235
219.79921 26.50138 3.2398881 0.40255541 0.056969209
220.54204 25.937441 3.0938239 0.37502654 0.051673697
221.24855 25.397494 2.9570453 0.34994877 0.046966968
221.92197 24.878736 2.829444 0.3270614 0.042789804
222.56376 24.381215 2.7097813 0.30611181 0.039128571
223.17657 23.903108 2.5975014 0.28690473 0.035918998
223.76312 23.443473 2.4912557 0.2688982 0.033257528
224.32269 23.00052 2.3933564 0.25316121 0.030274244
224.85935 22.574184 2.3003208 0.23828372 0.027857052
225.37382 22.163288 2.2126749 0.22456791 0.02564725
225.86749 21.767023 2.1299373 0.21188579 0.023660997
226.34147 21.384725 2.0517899 0.20015223 0.021866818
226.79731 21.015401 1.9777987 0.18925368 0.020236833
