40.00157 40.001684 40.000575 39.998333 39.997838
72.126452 48.330992 33.531563 24.96342 21.047573
90.969411 50.39498 28.57339 17.387369 12.67485
103.90373 50.264807 24.683817 12.880595 8.2670508
113.56666 49.243009 21.566438 9.9321694 5.6917261
121.17654 47.838968 19.019793 7.8824193 4.0822844
127.37701 46.297305 16.910648 6.3942579 3.0207774
132.55865 44.723485 15.142021 5.2810067 2.2948336
136.98154 43.17793 13.645645 4.4190979 1.7757913
140.80558 41.682587 12.367784 3.7435293 1.4005188
144.15671 40.254719 11.26307 3.203912 1.1215889
147.11889 38.900675 10.301118 2.7686719 0.91064779
149.76166 37.616868 9.4615272 2.4104916 0.74945484
152.14277 36.403911 8.71967 2.1127447 0.62090343
154.29614 35.257998 8.0633722 1.863063 0.51942713
156.24879 34.176383 7.4815859 1.653143 0.440097
158.04284 33.153669 6.9578765 1.4730638 0.37255189
159.68828 32.186562 6.4919935 1.3167564 0.31640275
161.20271 31.271832 6.0695169 1.1837003 0.27224183
162.60329 30.403595 5.6903574 1.067051 0.2357091
163.90125 29.583435 5.3399341 0.96921431 0.20617093
165.11379 28.799701 5.0292392 0.87780297 0.17946682
166.24248 28.060952 4.7388603 0.80035062 0.15735657
167.29801 27.357091 4.4746787 0.73132468 0.13889144
168.28814 26.686577 4.2311676 0.67079093 0.12332207
169.21878 26.045317 4.007886 0.6184255 0.10959209
170.0919 25.441245 3.8002489 0.56857757 0.098030436
170.92176 24.852084 3.6124395 0.52609118 0.08762024
171.7039 24.291378 3.4390998 0.48686824 0.078749129
172.44367 23.760925 3.2730785 0.45140579 0.070918849
173.14469 23.248934 3.1225458 0.4196092 0.064224364
173.81068 22.760656 2.9799685 0.39082489 0.057868721
174.44454 22.289695 2.849012 0.36423746 0.052511404
175.04644 21.839903 2.725297 0.34039554 0.04796436
175.62113 21.407577 2.6091825 0.3182805 0.043827823
176.16998 20.991422 2.5003955 0.29843213 0.039769918
176.69404 20.589251 2.4010322 0.27910732 0.03657053
177.19428 20.205496 2.3038365 0.26276387 0.033623476
177.6734 19.835244 2.2136154 0.24671917 0.031018947
178.13407 19.475712 2.1293349 0.23257208 0.028310994
178.5747 19.130084 2.049299 0.21968128 0.026240445
178.99923 18.795794 1.9741103 0.20669466 0.02416853
179.40541 18.474326 1.902229 0.19570878 0.022326344
179.79543 18.162333 1.835711 0.18553474 0.020995563
