39.999972 39.999962 39.999964 40.000131 39.999971
64.635249 47.092295 35.343102 28.163465 24.765888
81.343908 50.102229 31.360406 20.918865 16.274592
93.525157 51.060888 27.973887 16.184361 11.255708
102.94538 50.97137 25.089002 12.897457 8.0967875
110.53857 50.322503 22.619605 10.509713 6.0096105
116.8434 49.375332 20.494405 8.718362 4.5685037
122.19574 48.270485 18.654517 7.3303216 3.5489356
126.81567 47.089352 17.050323 6.2424399 2.8022194
130.85845 45.883485 15.645351 5.3591073 2.2536077
134.43563 44.679656 14.408365 4.6489921 1.8273535
137.6279 43.496441 13.312157 4.0613432 1.5021539
140.4978 42.340229 12.340095 3.5707515 1.2511223
143.09809 41.224853 11.468065 3.1600676 1.0489208
145.46828 40.154274 10.684923 2.8099036 0.88261806
147.63352 39.118666 9.9822978 2.5162263 0.74928573
149.62557 38.127401 9.3459448 2.2589689 0.64211431
151.46536 37.177544 8.7690063 2.0334248 0.55466762
153.16825 36.266687 8.2434664 1.8372813 0.48431773
154.75062 35.395171 7.7656521 1.6698909 0.41866267
156.2233 34.558892 7.3307638 1.5191419 0.36790545
157.60285 33.757825 6.9263641 1.389171 0.32379121
158.89399 32.990412 6.5569659 1.2733787 0.2852515
160.10532 32.254963 6.216852 1.1696602 0.25320717
161.24615 31.549833 5.9022213 1.0776962 0.22409731
162.32117 30.872768 5.6124261 0.99209371 0.20154404
163.33544 30.224406 5.3414919 0.91717052 0.18149617
164.29728 29.598942 5.091645 0.8496688 0.16246319
165.20781 28.998842 4.8574662 0.78959489 0.14628485
166.07161 28.422903 4.6375885 0.73677285 0.13112183
166.89308 27.867044 4.4347293 0.68508452 0.12006346
167.6738 27.330649 4.2480413 0.63808633 0.10941837
168.41943 26.815564 4.068439 0.59732532 0.099239705
169.13009 26.318908 3.899434 0.56046916 0.091102356
169.80834 25.842553 3.7416759 0.52527395 0.082156358
170.45706 25.380225 3.5949323 0.49004914 0.07773776
171.07991 24.929574 3.4573688 0.46254092 0.070602426
171.67477 24.499079 3.325082 0.43583738 0.065236104
172.24522 24.084117 3.1999929 0.41154819 0.059122699
172.79161 23.68059 3.0850459 0.38651044 0.056240892
173.32022 23.289413 2.9731119 0.36652219 0.050734889
173.82633 22.910553 2.8697422 0.34513861 0.048239981
174.31318 22.546756 2.7680267 0.32874771 0.043291319
174.7826 22.190836 2.6762253 0.31035895 0.039976366
