49.797865 49.458744 49.202884 49.029853 52.510653
68.731177 52.980728 41.831657 34.315668 52.14077
79.309634 54.192334 37.047472 25.352804 54.097756
85.499784 54.545624 33.860623 19.55048 56.54349
89.200221 54.585687 31.737863 15.731582 58.744647
91.4892 54.5307 30.314762 13.182683 60.482655
93.299065 54.437729 29.117376 11.039754 62.106076
94.213542 54.371547 28.484853 9.9092377 63.02082
95.488767 54.258707 27.569204 8.2678539 64.415467
96.321139 54.170032 26.94869 7.1546604 65.405478
97.359235 54.043182 26.147704 5.7131634 66.736716
97.580236 54.01243 25.973054 5.4008615 67.03342
97.931478 53.96281 25.692469 4.8963402 67.516902
98.383883 53.89596 25.325437 4.2344212 68.160298
98.562069 53.867932 25.179087 3.9714687 68.419443
98.953962 53.805476 24.853574 3.3831243 69.003864
98.418779 53.880136 25.28223 4.1642074 68.254648
99.812525 53.658209 24.122327 2.0573436 70.349596
100.59834 53.510722 23.430107 0.79610691 71.664729
100.10353 53.603936 23.868675 1.5981627 70.825695
100.20733 53.584014 23.77746 1.4331999 70.997996
100.10003 53.60339 23.871815 1.6063415 70.818424
