49.999971 49.99998 49.999994 50.000013 50.000042
72.786646 56.706175 45.771295 38.989745 35.74614
89.424656 60.284506 42.08527 31.523511 26.682057
102.33089 62.132797 38.848816 26.14023 20.547266
112.76319 62.951526 35.989062 22.089272 16.206946
121.45158 63.128682 33.447638 18.941921 13.030179
128.85185 62.89363 31.177388 16.435452 10.641685
135.26598 62.38863 29.139615 14.39965 8.8061297
140.9016 61.705653 27.302915 12.719793 7.3700433
145.91078 60.905986 25.640484 11.314445 6.2283055
150.40172 60.031441 24.131185 10.126314 5.309345
154.46614 59.109916 22.754181 9.1102673 4.5594958
158.16251 58.162442 21.496004 8.2359308 3.9431146
161.54651 57.204421 20.342333 7.4765344 3.4302047
164.65917 56.244621 19.281637 6.8135112 3.0010635
167.53518 55.290841 18.303997 6.2309744 2.6390089
170.19957 54.348492 17.401804 5.7175849 2.332546
172.68221 53.421662 16.56577 5.2608194 2.0695403
175.0043 52.511908 15.78843 4.8526125 1.8427545
177.17592 51.621335 15.066734 4.4882989 1.6477112
179.21422 50.751876 14.394731 4.1609323 1.4782427
181.13402 49.902636 13.767083 3.8657319 1.3305256
