0.01660617 0.015710858 0.03232327 0.026497855
0.044903089 0.012258045 0.011705212 0.025422202
0.032701541 0.0043804465 0.017577201 0.030674562
0.018650659 0.046083859 0.010568389 0.035870256
0.028139647 0.0089243415 0.048015359 0.039468898
0.04590272 0.016688535 0.02233784 0.041718124
0.0078097765 0.042003314 0.035811704 0.043426109
0.0055528754 0.047502861 0.032916049 0.044244403
0.0087395253 0.023915621 0.041277221 0.045318531
0.046572327 0.0077154233 0.046625632 0.045968551
0.02234209 0.025093292 0.039983643 0.046714999
0.03644379 0.025493558 0.03511785 0.046863386
0.034486767 0.0008500339 0.032454113 0.047092298
0.0054758353 0.019393337 0.044530539 0.047373546
0.012299424 0.027085987 0.03334623 0.047479706
0.045556744 0.037393772 0.037958521 0.047705015
0.011455857 0.014243805 0.046246429 0.0472241
0.012281735 0.039919229 0.034562613 0.048156055
0.047666689 0.024070956 0.049631219 0.04851743
0.0017965256 0.0054456347 0.035467559 0.048295229
0.020904445 0.046053421 0.04124426 0.048343192
0.001093066 0.037003949 0.040128906 0.048293176
