25.326864 25.327017 25.327089 25.327034 148.692
26.735706 26.735871 26.735832 26.735493 143.0571
27.816844 27.816448 27.816278 27.815488 138.73494
28.925269 28.925092 28.924907 28.92329 134.30144
29.753368 29.753405 29.753429 29.753487 130.98631
30.739593 30.739691 30.739754 30.739784 127.04118
31.449161 31.449105 31.448943 31.448562 124.20423
32.230045 32.23022 32.230199 32.229901 121.07963
32.861578 32.861405 32.861326 32.861268 118.55442
33.485365 33.485373 33.485388 33.485433 116.05844
34.094021 34.094124 34.094005 34.093346 113.6245
34.621055 34.621043 34.621038 34.621023 111.51584
35.104637 35.104706 35.104771 35.104856 109.58103
35.460926 35.460885 35.460811 35.46102 108.15636
35.86149 35.861559 35.861662 35.861917 106.55337
36.261389 36.261387 36.261374 36.26107 104.95478
36.595731 36.595721 36.595703 36.595649 103.6172
36.98007 36.980024 36.979987 36.979959 102.07996
37.2568 37.256804 37.256813 37.256835 100.97275
37.584019 37.584016 37.584012 37.584023 99.663931
37.783176 37.783179 37.783186 37.783205 98.867254
38.035032 38.035035 38.035042 38.035054 97.859835
38.231787 38.231788 38.231793 38.231811 97.072821
38.386939 38.387065 38.387185 38.386782 96.45203
38.648787 38.648904 38.64903 38.648737 95.404542
38.809006 38.809873 38.811113 38.809538 94.76047
38.963458 38.963575 38.963697 38.963341 94.145929
39.070341 39.070341 39.070341 39.070362 93.718615
39.235886 39.23591 39.235493 39.23467 93.058041
