0.029496072 0.0051897404 0.00065488554 0.00013784963
0.023482907 0.013086337 0.018058071 0.00045285918
0.014719768 0.0048262813 0.0055844095 0.0013209187
9.5891337e-05 0.046557478 0.028409822 0.00075524437
0.014525857 0.030028942 0.0017612218 0.0013766756
0.0089644252 4.8754247e-05 0.021262582 7.7215283e-05
0.016158488 0.018190056 0.0030979029 0.0021231237
0.0012278508 0.003837261 0.023973599 0.00010211953
0.044419513 0.010280623 0.00057572593 0.00019695493
0.024635475 0.00043496029 0.021363719 0.0012292644
0.018927675 0.0097907923 0.025335033 0.00047188218
0.00065936736 0.027709116 0.0081356693 0.00010709191
0.015412694 0.0134062 0.0084494675 0.00056616731
0.013302874 0.00032565154 0.014664058 0.0011189318
0.001899935 0.039722428 0.01592966 0.00066583137
0.002261879 0.038813253 0.0018199039 0.00016747348
0.023342063 0.013105465 0.0094254505 0.0015523475
0.012864839 0.020624917 0.034301066 0.00070984562
0.036478661 0.0026918687 0.029610056 0.00064744771
0.0036556542 0.013661553 0.0047321533 0.00069869868
0.028125746 0.013073327 0.0046166869 0.00073472128
0.020803825 0.014640762 0.031591426 0.0004334302
0.0070893279 0.017970516 0.036833468 0.0012318898
0.0093531473 0.010125801 0.018691615 0.0034910739
0.02128287 0.014323078 0.014000922 0.0014837502
0.0073374911 0.0049966358 0.012229357 0.00011229328
0.026581619 0.0072953841 0.036691977 0.0010145712
0.010474812 0.042158025 0.0053623348 0.0027279353
0.0093572962 0.03202156 0.0072974198 0.0010660573
