20.261491 20.261614 20.261671 20.261627 118.9536
21.388565 21.388697 21.388666 21.388394 114.44568
22.253475 22.253158 22.253023 22.25239 110.98795
23.140215 23.140074 23.139926 23.138632 107.44115
23.802695 23.802724 23.802743 23.80279 104.78905
24.591674 24.591753 24.591803 24.591827 101.63294
25.159328 25.159284 25.159155 25.158849 99.363384
25.784036 25.784176 25.78416 25.783921 96.863707
26.289262 26.289124 26.289061 26.289015 94.843538
26.788292 26.788298 26.78831 26.788346 92.846753
27.275216 27.275299 27.275204 27.274677 90.899604
27.696844 27.696834 27.69683 27.696818 89.212673
28.083709 28.083765 28.083817 28.083884 87.664824
28.368741 28.368708 28.368649 28.368816 86.525087
28.689192 28.689247 28.68933 28.689533 85.242698
29.009111 29.00911 29.009099 29.008856 83.963825
29.276585 29.276577 29.276562 29.276519 82.893757
29.584056 29.584019 29.58399 29.583967 81.663968
29.80544 29.805443 29.805451 29.805468 80.778198
30.067215 30.067212 30.06721 30.067218 79.731145
30.226541 30.226543 30.226549 30.226564 79.093803
30.428026 30.428028 30.428034 30.428044 78.287868
30.585429 30.585431 30.585435 30.585449 77.658257
30.709551 30.709652 30.709748 30.709425 77.161624
30.91903 30.919123 30.919224 30.918989 76.323634
31.047205 31.047898 31.048891 31.04763 75.808376
31.170766 31.17086 31.170958 31.170673 75.316743
31.256273 31.256273 31.256273 31.25629 74.974892
31.388708 31.388728 31.388395 31.387736 74.446433
