0.008920327 0.030384271 0.00048971116 0.000405566
0.034759738 0.010979631 0.0052830114 0.00094726707
0.0013650029 0.0016152151 0.018144204 0.00079753747
0.003877184 0.010742963 0.030024313 0.0002006286
0.017300719 0.0030601931 0.0052863921 0.00039666805
0.017693393 0.044017834 0.0093162607 0.0001134273
0.031275306 0.025733572 0.00053228739 0.0011771107
0.016405567 0.0040009696 0.0075220337 6.9372736e-05
0.0060361352 0.0092789195 0.037847173 0.00099881411
0.016745959 0.013998206 0.0039065389 0.00014329885
0.018113286 0.0065282353 0.0094561888 0.00040145629
0.042311288 0.032807229 0.015531928 1.7957962e-05
0.013376293 0.0043317214 0.019365083 0.00013634593
0.0011754624 0.022463365 0.0067238443 0.00018066876
0.01509207 0.002324945 0.014587775 0.00028358391
0.0044996035 0.030105831 0.0078220221 0.00020603247
0.0095069883 0.0046593648 0.019785681 0.00045820199
0.024683856 0.016340634 0.0088191715 0.00039813107
0.021457333 0.0263817 0.045780456 0.00011639958
0.038712291 0.021545644 0.029173912 0.0001978313
0.009831284 0.014469979 0.032768583 0.00016975765
0.0088690976 0.0053097043 0.030557181 0.00019242878
0.039760904 0.015079702 0.0030946765 0.00034322157
0.0096041073 0.012717595 0.014887593 0.00027533824
0.022989874 0.0076437006 0.015747291 0.00063624365
0.015662395 0.0080564518 0.0028595985 0.00034772412
0.023069969 0.037205963 0.020386679 3.6784528e-05
0.0040291537 0.0046319824 0.0033598681 0.00077832761
0.004287162 0.0011684874 0.034596182 0.00089012555
