27.879573 27.87958 27.879586 27.87959 88.481671
28.16439 28.164386 28.164411 28.16449 87.342323
28.813615 28.813472 28.813349 28.813145 84.74642
29.208933 29.208998 29.209046 29.209095 83.163928
29.780359 29.780376 29.780418 29.780492 80.878355
30.078224 30.078244 30.078266 30.078295 79.686971
30.336053 30.335765 30.335476 30.334639 78.658067
30.374503 30.374613 30.374686 30.374782 78.501416
31.09435 31.094493 31.09461 31.093646 75.622901
31.169046 31.169126 31.169121 31.169092 75.323615
31.162699 31.1627 31.162703 31.162708 75.34919
32.079111 32.079586 32.079906 32.080374 71.681023
31.534173 31.53417 31.534091 31.534075 73.86349
31.641076 31.641061 31.640997 31.640985 73.435881
32.379984 32.380017 32.380036 32.379887 70.480077
32.630859 32.63128 32.631959 32.630565 69.475337
32.356351 32.356302 32.356063 32.355923 70.575361
32.220543 32.221078 32.221322 32.219477 71.11758
32.07329 32.073297 32.073271 32.073056 71.707087
32.56342 32.563697 32.564109 32.562584 69.746189
31.20492 31.204938 31.204945 31.205064 75.180132
31.664538 31.665687 31.668122 31.6658 73.335854
32.623897 32.625097 32.627389 32.6254 69.498217
32.947737 32.947753 32.94775 32.947787 68.208973
32.467066 32.466982 32.466652 32.466649 70.132651
33.328471 33.328403 33.328062 33.328135 66.686929
31.605766 31.605745 31.605533 31.606072 73.576883
30.969978 30.969809 30.969027 30.969338 76.121848
30.341514 30.341413 30.34103 30.341514 78.63453
