28.401976 28.401983 28.401988 28.40199 136.39206
29.134493 29.13449 29.134523 29.134626 133.46187
29.782178 29.782025 29.781847 29.781565 130.87239
30.412581 30.412642 30.41269 30.412723 128.34936
30.890989 30.891006 30.891047 30.891146 126.43581
31.405262 31.405282 31.405304 31.405332 124.37882
31.795794 31.795441 31.794842 31.793074 122.82085
32.355606 32.355715 32.355791 32.355743 120.57714
32.517624 32.517743 32.517365 32.515379 119.93189
33.005997 33.006075 33.006081 33.005955 117.97589
33.428353 33.428354 33.428357 33.428364 116.28657
33.382203 33.38268 33.383008 33.382833 116.46928
34.095865 34.095864 34.095796 34.095703 113.61677
34.426301 34.426282 34.42623 34.426187 112.295
34.330085 34.330121 34.330132 34.32987 112.67979
34.508152 34.508605 34.509195 34.507234 111.96681
35.036894 35.036832 35.036568 35.036261 109.85345
35.474899 35.475455 35.475976 35.473013 108.10066
35.9323 35.932307 35.932281 35.931925 106.27119
35.863324 35.863576 35.863731 35.86312 106.54625
37.238473 37.238484 37.238477 37.238624 101.04594
37.204767 37.20603 37.209062 37.206128 101.17401
36.672055 36.673293 36.676478 36.673415 103.30476
36.653422 36.65344 36.653438 36.653403 103.3863
37.333646 37.33354 37.33318 37.332761 100.66687
36.781088 36.781016 36.780615 36.779739 102.87754
38.697558 38.697529 38.697221 38.695903 95.21179
39.511575 39.51138 39.510387 39.508857 91.957801
40.359779 40.359632 40.359065 40.35754 88.563984
