0.039494421 0.023022482 0.015711317 0.027904648
0.0012645298 0.013218128 0.0059716336 0.026519911
0.038097942 0.034651834 0.048376776 0.032182503
0.049100677 0.044420953 0.034659568 0.036910586
0.011790519 0.049716422 0.025792838 0.040067877
0.0025292363 0.0022929607 0.028620327 0.041854664
0.03868362 0.045299007 0.040823797 0.043211806
0.015080612 0.033292445 0.027999116 0.044058507
0.032208064 0.030887869 0.036051511 0.04482692
0.034861961 0.03668654 0.043630239 0.045312015
0.046773287 0.0078613069 0.045784817 0.045660886
0.032018161 0.034606874 0.035428659 0.046061608
0.0047554783 0.022016113 0.040398698 0.046222979
0.0082901658 0.022566074 0.04517643 0.046432469
0.027168428 0.019761619 0.040190812 0.046806919
0.046107707 0.012547514 0.033060143 0.046917668
0.019358404 0.024208966 0.038077422 0.046856825
0.032074545 0.037752414 0.039561193 0.047078214
0.041452723 0.030924565 0.044868214 0.046937056
0.0040611916 0.003503833 0.049911491 0.046932917
0.02764576 0.011630708 0.03002707 0.046454677
0.042603635 0.013777753 0.032578715 0.046802337
