49.79076 49.346204 49.023794 48.822733 53.016509
67.964259 52.73475 41.983914 34.798703 52.518373
77.916624 53.785436 37.335994 26.218957 54.74299
82.863502 53.969764 34.627795 21.414382 57.124557
85.735152 53.926107 32.850945 18.314698 59.173099
87.326724 53.834601 31.774845 16.462825 60.601006
88.553191 53.729835 30.891077 14.942665 61.883232
89.342419 53.640914 30.292661 13.920667 62.80334
90.08129 53.545342 29.709068 12.919076 63.745223
90.565896 53.472132 29.31254 12.24325 64.406182
90.925328 53.412322 29.01091 11.731064 64.920376
91.348956 53.33932 28.646727 11.106263 65.558735
91.526412 53.303876 28.491197 10.846156 65.832359
91.759193 53.258398 28.28444 10.49431 66.203659
92.18589 53.174686 27.896749 9.8236233 66.919052
92.318041 53.144817 27.774414 9.6176067 67.145121
92.249429 53.155035 27.838304 9.7371969 67.020036
92.513923 53.098557 27.591036 9.3102995 67.486184
92.347819 53.129855 27.747097 9.5897821 67.185447
92.57631 52.729683 27.66179 9.8554002 67.176817
91.878953 53.211339 28.169701 10.34142 66.398587
92.195257 53.153792 27.88886 9.852234 66.909856
